<?xml version="1.0"?>
<opencv_storage>
<CornersAmount>48</CornersAmount>
<Corner_0>
  294 334</Corner_0>
<Corner_1>
  310 334</Corner_1>
<Corner_2>
  328 333</Corner_2>
<Corner_3>
  344 333</Corner_3>
<Corner_4>
  361 333</Corner_4>
<Corner_5>
  377 333</Corner_5>
<Corner_6>
  293 341</Corner_6>
<Corner_7>
  311 341</Corner_7>
<Corner_8>
  328 341</Corner_8>
<Corner_9>
  345 341</Corner_9>
<Corner_10>
  363 341</Corner_10>
<Corner_11>
  379 340</Corner_11>
<Corner_12>
  293 350</Corner_12>
<Corner_13>
  311 350</Corner_13>
<Corner_14>
  330 350</Corner_14>
<Corner_15>
  347 349</Corner_15>
<Corner_16>
  365 349</Corner_16>
<Corner_17>
  382 348</Corner_17>
<Corner_18>
  293 359</Corner_18>
<Corner_19>
  311 358</Corner_19>
<Corner_20>
  330 358</Corner_20>
<Corner_21>
  349 358</Corner_21>
<Corner_22>
  367 357</Corner_22>
<Corner_23>
  385 357</Corner_23>
<Corner_24>
  292 368</Corner_24>
<Corner_25>
  312 368</Corner_25>
<Corner_26>
  331 367</Corner_26>
<Corner_27>
  350 367</Corner_27>
<Corner_28>
  368 367</Corner_28>
<Corner_29>
  387 366</Corner_29>
<Corner_30>
  292 378</Corner_30>
<Corner_31>
  312 378</Corner_31>
<Corner_32>
  332 378</Corner_32>
<Corner_33>
  351 378</Corner_33>
<Corner_34>
  371 378</Corner_34>
<Corner_35>
  391 376</Corner_35>
<Corner_36>
  292 390</Corner_36>
<Corner_37>
  313 390</Corner_37>
<Corner_38>
  333 389</Corner_38>
<Corner_39>
  353 388</Corner_39>
<Corner_40>
  373 387</Corner_40>
<Corner_41>
  393 387</Corner_41>
<Corner_42>
  291 401</Corner_42>
<Corner_43>
  312 401</Corner_43>
<Corner_44>
  334 401</Corner_44>
<Corner_45>
  354 399</Corner_45>
<Corner_46>
  376 399</Corner_46>
<Corner_47>
  395 399</Corner_47>
</opencv_storage>
