<?xml version="1.0"?>
<opencv_storage>
<CameraMatrix type_id="opencv-matrix">
  <rows>3</rows>
  <cols>3</cols>
  <dt>f</dt>
  <data>
    7.27330017e+002 0. 4.57096985e+002 0. 5.51309998e+002
    4.07032715e+002 0. 0. 1.</data></CameraMatrix>
<DistortionCoeffs type_id="opencv-matrix">
  <rows>5</rows>
  <cols>1</cols>
  <dt>f</dt>
  <data>
    -2.57499993e-001 1.24499999e-001 2.87999995e-002 3.24999988e-002
    -2.20100004e-002</data></DistortionCoeffs>
<RotationValues type_id="opencv-matrix">
  <rows>3</rows>
  <cols>1</cols>
  <dt>f</dt>
  <data>
    1.79346120e+000 1.58014119e+000 -4.81283456e-001</data></RotationValues>
<TranslationValues type_id="opencv-matrix">
  <rows>3</rows>
  <cols>1</cols>
  <dt>f</dt>
  <data>
    -1.05978186e+003 -6.28705688e+002 4.42090820e+003</data></TranslationValues>
</opencv_storage>
