<?xml version="1.0"?>
<opencv_storage>
<CornersAmount>48</CornersAmount>
<Corner_0>
  376 298</Corner_0>
<Corner_1>
  386 302</Corner_1>
<Corner_2>
  399 307</Corner_2>
<Corner_3>
  408 310</Corner_3>
<Corner_4>
  419 314</Corner_4>
<Corner_5>
  429 318</Corner_5>
<Corner_6>
  366 302</Corner_6>
<Corner_7>
  377 306</Corner_7>
<Corner_8>
  387 310</Corner_8>
<Corner_9>
  398 313</Corner_9>
<Corner_10>
  409 318</Corner_10>
<Corner_11>
  420 322</Corner_11>
<Corner_12>
  357 306</Corner_12>
<Corner_13>
  368 309</Corner_13>
<Corner_14>
  378 313</Corner_14>
<Corner_15>
  388 318</Corner_15>
<Corner_16>
  401 323</Corner_16>
<Corner_17>
  412 326</Corner_17>
<Corner_18>
  347 310</Corner_18>
<Corner_19>
  358 314</Corner_19>
<Corner_20>
  368 318</Corner_20>
<Corner_21>
  380 322</Corner_21>
<Corner_22>
  391 327</Corner_22>
<Corner_23>
  402 332</Corner_23>
<Corner_24>
  337 314</Corner_24>
<Corner_25>
  348 318</Corner_25>
<Corner_26>
  358 323</Corner_26>
<Corner_27>
  369 327</Corner_27>
<Corner_28>
  381 332</Corner_28>
<Corner_29>
  393 336</Corner_29>
<Corner_30>
  326 318</Corner_30>
<Corner_31>
  336 322</Corner_31>
<Corner_32>
  347 327</Corner_32>
<Corner_33>
  359 332</Corner_33>
<Corner_34>
  370 337</Corner_34>
<Corner_35>
  382 342</Corner_35>
<Corner_36>
  316 322</Corner_36>
<Corner_37>
  326 326</Corner_37>
<Corner_38>
  336 332</Corner_38>
<Corner_39>
  347 336</Corner_39>
<Corner_40>
  359 341</Corner_40>
<Corner_41>
  370 347</Corner_41>
<Corner_42>
  304 327</Corner_42>
<Corner_43>
  314 332</Corner_43>
<Corner_44>
  325 337</Corner_44>
<Corner_45>
  335 341</Corner_45>
<Corner_46>
  348 347</Corner_46>
<Corner_47>
  359 353</Corner_47>
</opencv_storage>
