<?xml version="1.0"?>
<opencv_storage>
<CameraMatrix type_id="opencv-matrix">
  <rows>3</rows>
  <cols>3</cols>
  <dt>f</dt>
  <data>
    6.81966003e+002 0. 3.59682007e+002 0. 5.09273010e+002
    3.51737488e+002 0. 0. 1.</data></CameraMatrix>
<DistortionCoeffs type_id="opencv-matrix">
  <rows>5</rows>
  <cols>1</cols>
  <dt>f</dt>
  <data>
    -3.75000000e-001 2.11999997e-001 1.09999999e-002 3.97000015e-002
    -3.59999985e-002</data></DistortionCoeffs>
<RotationValues type_id="opencv-matrix">
  <rows>3</rows>
  <cols>1</cols>
  <dt>f</dt>
  <data>
    9.87105012e-001 2.32953167e+000 -1.12588155e+000</data></RotationValues>
<TranslationValues type_id="opencv-matrix">
  <rows>3</rows>
  <cols>1</cols>
  <dt>f</dt>
  <data>
    1.32244263e+002 -5.98324280e+002 5.60464502e+003</data></TranslationValues>
</opencv_storage>
