<?xml version="1.0"?>
<opencv_storage>
<CameraMatrix type_id="opencv-matrix">
  <rows>3</rows>
  <cols>3</cols>
  <dt>f</dt>
  <data>
4.92645538e+002 0. 3.21500000e+002 0. 4.92645538e+002
    2.42500000e+002 0. 0. 1.  </data>
</CameraMatrix>
<DistortionCoeffs type_id="opencv-matrix">
  <rows>5</rows>
  <cols>1</cols>
  <dt>f</dt>
  <data>
    -3.81061643e-001 2.34384999e-001 0. 0. -1.04681417e-001
  </data>
</DistortionCoeffs>
</opencv_storage>
