<?xml version="1.0"?>
<opencv_storage>
<CameraMatrix type_id="opencv-matrix">
  <rows>3</rows>
  <cols>3</cols>
  <dt>f</dt>
  <data>
    6.90552307e+002 0. 3.69908813e+002 0. 5.12755432e+002
    3.62169128e+002 0. 0. 1.</data></CameraMatrix>
<DistortionCoeffs type_id="opencv-matrix">
  <rows>5</rows>
  <cols>1</cols>
  <dt>f</dt>
  <data>
    -3.88980001e-001 2.25999996e-001 9.20999981e-003 3.69019993e-002
    -4.63904999e-002</data></DistortionCoeffs>
<RotationValues type_id="opencv-matrix">
  <rows>3</rows>
  <cols>1</cols>
  <dt>f</dt>
  <data>
    9.99702930e-001 2.33390403e+000 -1.08770216e+000</data></RotationValues>
<TranslationValues type_id="opencv-matrix">
  <rows>3</rows>
  <cols>1</cols>
  <dt>f</dt>
  <data>
    4.70705185e+001 -7.15592773e+002 5.63829980e+003</data></TranslationValues>
</opencv_storage>
