<?xml version="1.0"?>
<opencv_storage>
<CameraMatrix type_id="opencv-matrix">
  <rows>3</rows>
  <cols>3</cols>
  <dt>f</dt>
  <data>
    4.8794932017875595e+002 0. 3.2150000000000000e+002 0.
    4.8794932017875595e+002 2.4250000000000000e+002 0. 0. 1.
  </data>
</CameraMatrix>
<DistortionCoeffs type_id="opencv-matrix">
  <rows>5</rows>
  <cols>1</cols>
  <dt>f</dt>
  <data>
    -3.8174489461208422e-001 2.4660235091428293e-001 0. 0.
    -1.1430106409370021e-001  </data>
</DistortionCoeffs>
</opencv_storage>
