<?xml version="1.0"?>
<opencv_storage>
<CameraMatrix type_id="opencv-matrix">
  <rows>3</rows>
  <cols>3</cols>
  <dt>f</dt>
  <data>
    490.0 0 321.50000000000000
    0 489.9640037632 242.50000 
    0 0 1
  </data>
</CameraMatrix>
<DistortionCoeffs type_id="opencv-matrix">
  <rows>5</rows>
  <cols>1</cols>
  <dt>f</dt>
  <data>
        -3.3885409536962341e-001 8.9637103754897737e-002 0. 0.
    6.1376834165294290e-002
  </data>
</DistortionCoeffs>
</opencv_storage>
