<?xml version="1.0"?>
<opencv_storage>
<CornersAmount>48</CornersAmount>
<Corner_0>
  345 361</Corner_0>
<Corner_1>
  334 366</Corner_1>
<Corner_2>
  323 370</Corner_2>
<Corner_3>
  312 376</Corner_3>
<Corner_4>
  300 381</Corner_4>
<Corner_5>
  288 387</Corner_5>
<Corner_6>
  333 357</Corner_6>
<Corner_7>
  323 363</Corner_7>
<Corner_8>
  312 367</Corner_8>
<Corner_9>
  301 371</Corner_9>
<Corner_10>
  289 376</Corner_10>
<Corner_11>
  277 381</Corner_11>
<Corner_12>
  323 354</Corner_12>
<Corner_13>
  312 358</Corner_13>
<Corner_14>
  301 362</Corner_14>
<Corner_15>
  290 366</Corner_15>
<Corner_16>
  280 371</Corner_16>
<Corner_17>
  267 376</Corner_17>
<Corner_18>
  312 350</Corner_18>
<Corner_19>
  302 354</Corner_19>
<Corner_20>
  291 358</Corner_20>
<Corner_21>
  281 362</Corner_21>
<Corner_22>
  269 367</Corner_22>
<Corner_23>
  257 372</Corner_23>
<Corner_24>
  303 347</Corner_24>
<Corner_25>
  292 350</Corner_25>
<Corner_26>
  282 354</Corner_26>
<Corner_27>
  271 357</Corner_27>
<Corner_28>
  259 362</Corner_28>
<Corner_29>
  248 367</Corner_29>
<Corner_30>
  294 343</Corner_30>
<Corner_31>
  282 345</Corner_31>
<Corner_32>
  273 350</Corner_32>
<Corner_33>
  262 354</Corner_33>
<Corner_34>
  250 358</Corner_34>
<Corner_35>
  240 362</Corner_35>
<Corner_36>
  284 339</Corner_36>
<Corner_37>
  275 341</Corner_37>
<Corner_38>
  263 346</Corner_38>
<Corner_39>
  253 350</Corner_39>
<Corner_40>
  242 354</Corner_40>
<Corner_41>
  231 357</Corner_41>
<Corner_42>
  276 336</Corner_42>
<Corner_43>
  266 339</Corner_43>
<Corner_44>
  255 343</Corner_44>
<Corner_45>
  245 346</Corner_45>
<Corner_46>
  234 350</Corner_46>
<Corner_47>
  222 354</Corner_47>
</opencv_storage>
