<?xml version="1.0"?>
<opencv_storage>
<CornersAmount>48</CornersAmount>
<Corner_0>
  399 366</Corner_0>
<Corner_1>
  400 378</Corner_1>
<Corner_2>
  400 390</Corner_2>
<Corner_3>
  401 401</Corner_3>
<Corner_4>
  402 414</Corner_4>
<Corner_5>
  403 429</Corner_5>
<Corner_6>
  379 366</Corner_6>
<Corner_7>
  379 376</Corner_7>
<Corner_8>
  379 388</Corner_8>
<Corner_9>
  380 401</Corner_9>
<Corner_10>
  381 414</Corner_10>
<Corner_11>
  380 428</Corner_11>
<Corner_12>
  359 365</Corner_12>
<Corner_13>
  359 376</Corner_13>
<Corner_14>
  359 387</Corner_14>
<Corner_15>
  359 400</Corner_15>
<Corner_16>
  358 413</Corner_16>
<Corner_17>
  358 428</Corner_17>
<Corner_18>
  340 365</Corner_18>
<Corner_19>
  339 375</Corner_19>
<Corner_20>
  338 387</Corner_20>
<Corner_21>
  336 399</Corner_21>
<Corner_22>
  334 413</Corner_22>
<Corner_23>
  333 427</Corner_23>
<Corner_24>
  321 363</Corner_24>
<Corner_25>
  318 374</Corner_25>
<Corner_26>
  317 385</Corner_26>
<Corner_27>
  315 398</Corner_27>
<Corner_28>
  313 410</Corner_28>
<Corner_29>
  310 423</Corner_29>
<Corner_30>
  301 362</Corner_30>
<Corner_31>
  299 373</Corner_31>
<Corner_32>
  296 384</Corner_32>
<Corner_33>
  293 396</Corner_33>
<Corner_34>
  291 409</Corner_34>
<Corner_35>
  287 423</Corner_35>
<Corner_36>
  282 361</Corner_36>
<Corner_37>
  279 371</Corner_37>
<Corner_38>
  276 383</Corner_38>
<Corner_39>
  272 395</Corner_39>
<Corner_40>
  268 407</Corner_40>
<Corner_41>
  265 420</Corner_41>
<Corner_42>
  263 360</Corner_42>
<Corner_43>
  259 369</Corner_43>
<Corner_44>
  255 381</Corner_44>
<Corner_45>
  251 393</Corner_45>
<Corner_46>
  247 406</Corner_46>
<Corner_47>
  241 419</Corner_47>
</opencv_storage>
