<?xml version="1.0"?>
<opencv_storage>
<CameraMatrix type_id="opencv-matrix">
  <rows>3</rows>
  <cols>3</cols>
  <dt>f</dt>
  <data>
    7.25979980e+002 0. 3.35179993e+002 0. 5.53460022e+002
    3.28799988e+002 0. 0. 1.</data></CameraMatrix>
<DistortionCoeffs type_id="opencv-matrix">
  <rows>5</rows>
  <cols>1</cols>
  <dt>f</dt>
  <data>
    1.18947111e-001 -1.06185699e+000 6.91720992e-002 7.06030577e-002
    1.61304200e+000</data></DistortionCoeffs>
<RotationValues type_id="opencv-matrix">
  <rows>3</rows>
  <cols>1</cols>
  <dt>f</dt>
  <data>
    -1.13200277e-001 2.86904669e+000 -1.34011722e+000</data></RotationValues>
<TranslationValues type_id="opencv-matrix">
  <rows>3</rows>
  <cols>1</cols>
  <dt>f</dt>
  <data>
    3.68737091e+002 2.78145233e+002 4.17069678e+003</data></TranslationValues>
</opencv_storage>
