<?xml version="1.0"?>
<opencv_storage>
<CameraMatrix type_id="opencv-matrix">
  <rows>3</rows>
  <cols>3</cols>
  <dt>f</dt>
  <data>
    4.92012909e+002 0. 3.21500000e+002 0. 4.92012909e+002
    2.42500000e+002 0. 0. 1.
  </data>
</CameraMatrix>
<DistortionCoeffs type_id="opencv-matrix">
  <rows>5</rows>
  <cols>1</cols>
  <dt>f</dt>
  <data>
  -3.56066108e-001 1.70196906e-001 0. 0. -3.19692008e-002
  </data>
</DistortionCoeffs>
</opencv_storage>
