<?xml version="1.0"?>
<opencv_storage>
<CameraMatrix type_id="opencv-matrix">
  <rows>3</rows>
  <cols>3</cols>
  <dt>f</dt>
  <data>
    7.45129028e+002 0. 3.56234558e+002 0. 5.68168030e+002
    3.39106995e+002 0. 0. 1.</data></CameraMatrix>
<DistortionCoeffs type_id="opencv-matrix">
  <rows>5</rows>
  <cols>1</cols>
  <dt>f</dt>
  <data>
    7.15899989e-002 -6.99999988e-001 7.15499967e-002 6.83199987e-002
    9.66300011e-001</data></DistortionCoeffs>
<RotationValues type_id="opencv-matrix">
  <rows>3</rows>
  <cols>1</cols>
  <dt>f</dt>
  <data>
    -9.95887071e-002 2.84105444e+000 -1.29531372e+000</data></RotationValues>
<TranslationValues type_id="opencv-matrix">
  <rows>3</rows>
  <cols>1</cols>
  <dt>f</dt>
  <data>
    2.51012146e+002 2.03953232e+002 4.23419727e+003</data></TranslationValues>
</opencv_storage>
